1 1200.0
2 1197.9264
3 1195.8670956155604
4 1193.8219150102593
5 1191.790689286275
6 1189.7732524193384
7 1187.7694411954508
8 1185.7790951493096
9 1183.802056504386
10 1181.8381701146045
11 1179.8872834075723
12 1177.9492463293093
13 1176.023911290434
14 1174.1111331137568
15 1172.2107689832412
16 1170.3226783942866
17 1168.4467231052947
18 1166.5827670904796
19 1164.7306764938844
20 1162.8903195845667
21 1161.0615667129193
22 1159.2442902680907
23 1157.4383646364734
24 1155.643666161228
25 1153.860073102814
26 1152.0874656004946
27 1150.32572563479
28 1148.5747369908506
29 1146.8343852227229
30 1145.104557618483
31 1143.3851431662126
32 1141.676032520793
33 1139.9771179714949
34 1138.2882934103404
35 1136.609454301216
36 1134.9404976497149
37 1133.2813219736897
38 1131.6318272744936
39 1129.9919150088926
40 1128.3614880616294
41 1126.7404507186225
42 1125.1287086407806
43 1123.5261688384178
44 1121.932739646253
45 1120.3483306989758
46 1118.7728529073672
47 1117.2062184349556
48 1115.6483406751988
49 1114.0991342291748
50 1112.5585148837679
51 1111.02639959034
52 1109.5027064438698
53 1107.9873546625531
54 1106.480264567847
55 1104.9813575649498
56 1103.4905561237051
57 1102.0077837599174
58 1100.5329650170704
59 1099.0660254484378
60 1097.606891599575
61 1096.155490991183
62 1094.7117521023363
63 1093.2756043540644
64 1091.8469780932774
65 1090.4258045770289
66 1089.0120159571068
67 1087.6055452649434
68 1086.2063263968394
69 1084.8142940994899
70 1083.42938395581
71 1082.0515323710479
72 1080.680676559183
73 1079.3167545295987
74 1077.9597050740247
75 1076.6094677537426
76 1075.265982887048
77 1073.9291915369633
78 1072.599035499195
79 1071.27545729033
80 1069.9584001362653
81 1068.6478079608653
82 1067.3436253748414
83 1066.04579766485
84 1064.7542707828009
85 1063.4689913353757
86 1062.1899065737466
87 1060.9169643834941
88 1059.6501132747187
89 1058.3893023723408
90 1057.134481406586
91 1055.8856007036509
92 1054.6426111765454
93 1053.4054643161082
94 1052.1741121821906
95 1050.9485073950048
96 1049.7286031266349
97 1048.5143530927048
98 1047.3057115442004
99 1046.1026332594438
100 1044.9050735362132
101 1043.7129881840094
102 1042.5263335164627
103 1041.3450663438775
104 1040.1691439659128
105 1038.998524164395
106 1037.8331651962603
107 1036.6730257866243
108 1035.518065121974
109 1034.3682428434827
110 1033.2235190404444
111 1032.0838542438228
112 1030.949209419915
113 1029.8195459641274
114 1028.69482569486
115 1027.5750108474974
116 1026.4600640685064
117 1025.3499484096335
118 1024.2446273222047
119 1023.1440646515235
120 1022.0482246313647
121 1020.957071878563
122 1019.8705713876943
123 1018.7886885258472
124 1017.7113890274835
125 1016.638638989386
126 1015.5704048656912
127 1014.5066534630058
128 1013.447351935605
129 1012.392467780711
130 1011.3419688338506
131 1010.2958232642895
132 1009.2539995705425
133 1008.2164665759576
134 1007.1831934243729
135 1006.154149575845
136 1005.1293048024471
137 1004.1086291841353
138 1003.0920931046828
139 1002.0796672476796
140 1001.0713225925966
141 1000.067030410914
142 999.0667622623106
143 998.0704899909157
144 997.0781857216192
145 996.0898218564419
146 995.1053710709622
147 994.1248063108004
148 993.1481007881579
149 992.1752279784104
150 991.2061616167559
151 990.2408756949138
152 989.279344457876
153 988.3215424007086
154 987.367444265403
155 986.4170250377758
156 985.4702599444164
157 984.5271244496815
158 983.5875942527359
159 982.651645284638
160 981.7192537054701
161 980.7903959015125
162 979.8650484824599
163 978.9431882786799
164 978.0247923385136
165 977.1098379256155
166 976.198302516334
167 975.2901637971313
168 974.385399662041
169 973.4839882101638
170 972.5859077432006
171 971.6911367630213
172 970.7996539692703
173 969.9114382570064
174 969.0264687143778
175 968.1447246203309
176 967.2661854423523
177 966.3908308342437
178 965.5186406339295
179 964.6495948612953
180 963.7836737160582
181 962.920857575667
182 962.0611269932338
183 961.2044626954934
184 960.3508455807932
185 959.5002567171114
186 958.6526773401023
187 957.8080888511709
188 956.9664728155733
189 956.1278109605447
190 955.2920851734528
191 954.4592774999782
192 953.6293701423187
193 952.8023454574205
194 951.9781859552318
195 951.1568742969823
196 950.3383932934861
197 949.5227259034671
198 948.7098552319083
199 947.8997645284237
200 947.092437185652
201 946.2878567376724
202 945.4860068584424
203 944.6868713602555
204 943.8904341922216
205 943.0966794387666
206 942.3055913181523
207 941.5171541810168
208 940.7313525089342
209 939.9481709129927
210 939.1675941323934
211 938.389607033066
212 937.614194606304
213 936.8413419674171
214 936.0710343544023
215 935.3032571266318
216 934.5379957635583
217 933.7752358634376
218 933.014963142067
219 932.2571634315415
220 931.5018226790248
221 930.7489269455373
222 929.998462404759
223 929.2504153418488
224 928.5047721522774
225 927.7615193406772
226 927.0206435197055
227 926.2821314089225
228 925.5459698336844
229 924.8121457240491
230 924.0806461136975
231 923.3514581388672
232 922.6245690373
233 921.899966147203
234 921.1776369062226
235 920.4575688504308
236 919.7397496133253
237 919.0241669248412
238 918.310808610375
239 917.5996625898215
240 916.8907168766217
241 916.1839595768232
242 915.4793788881519
243 914.7769630990952
244 914.0767005879958
245 913.3785798221581
246 912.6825893569643
247 911.9887178350012
248 911.2969539851989
249 910.6072866219782
250 909.9197046444099
251 909.2341970353831
252 908.5507528607847
253 907.8693612686874
254 907.1900114885486
255 906.5126928304184
256 905.8373946841567
257 905.1641065186609
258 904.4928178811011
259 903.8235183961658
260 903.1561977653156
261 902.4908457660462
262 901.8274522511601
263 901.1660071480469
264 900.5065004579712
265 899.8489222553703
266 899.1932626871591
267 898.5395119720431
268 897.8876603998401
269 897.2376983308092
270 896.5896161949872
271 895.9434044915341
272 895.2990537880845
273 894.6565547201076
274 894.0158979902739
275 893.3770743678296
276 892.7400746879779
277 892.1048898512676
278 891.4715108229881
279 890.8399286325722
280 890.2101343730047
281 889.5821192002385
282 888.9558743326166
283 888.3313910503012
284 887.708660694709
285 887.0876746679527
286 886.4684244322887
287 885.8509015095714
288 885.2350974807133
289 884.6210039851512
290 884.008612720318
291 883.3979154411206
292 882.7889039594241
293 882.1815701435406
294 881.5759059177244
295 880.9719032616727
296 880.3695542100314
297 879.768850851907
298 879.1697853303826
299 878.5723498420408
300 877.9765366364903
