1 1200.0
2 1197.929978539672
3 1195.8741851232714
4 1193.8324493632958
5 1191.8046037737897
6 1189.7904837064118
7 1187.7899272882287
8 1185.8027753611786
9 1183.8288714231523
10 1181.8680615706407
11 1179.9201944429
12 1177.9851211675857
13 1176.062695307811
14 1174.1527728105857
15 1172.2552119565917
16 1170.3698733112549
17 1168.4966196770752
18 1166.635316047173
19 1164.7858295600201
20 1162.9480294553143
21 1161.121787030968
22 1159.306975601175
23 1157.5034704555237
24 1155.7111488191267
25 1153.929889813737
26 1152.1595744198205
27 1150.4000854395586
28 1148.651307460753
29 1146.9131268216074
30 1145.1854315763594
31 1143.4681114617408
32 1141.7610578642407
33 1140.0641637881488
34 1138.3773238243582
35 1136.700434119905
36 1135.0333923482244
37 1133.3760976801054
38 1131.7284507553202
39 1130.0903536549147
40 1128.4617098741385
41 1126.8424242959989
42 1125.2324031654207
43 1123.6315540639955
44 1122.0397858853055
45 1120.4570088108057
46 1118.8831342862488
47 1117.3180749986404
48 1115.761744853708
49 1114.2140589538722
50 1112.6749335767054
51 1111.1442861538665
52 1109.622035250498
53 1108.1081005450744
54 1106.6024028096901
55 1105.1048638907744
56 1103.615406690224
57 1102.133955146942
58 1100.6604342187725
59 1099.1947698648203
60 1097.7368890281487
61 1096.286719618842
62 1094.8441904974268
63 1093.4092314586412
64 1091.9817732155434
65 1090.5617473839534
66 1089.149086467216
67 1087.7437238412804
68 1086.3455937400872
69 1084.9546312412556
70 1083.5707722520622
71 1082.193953495708
72 1080.8241124978613
73 1079.4611875734752
74 1078.1051178138691
75 1076.7558430740708
76 1075.41330396041
77 1074.0774418183614
78 1072.748198720626
79 1071.4255174554514
80 1070.1093415151793
81 1068.79961508502
82 1067.4962830320449
83 1066.1992908943944
84 1064.908584870695
85 1063.624111809681
86 1062.3458192000162
87 1061.0736551603115
88 1059.807568429333
89 1058.5475083563974
90 1057.293424891949
91 1056.0452685783152
92 1054.8029905406383
93 1053.566542477975
94 1052.3358766545634
95 1051.1109458912547
96 1049.8917035571023
97 1048.678103561108
98 1047.4701003441191
99 1046.2676488708776
100 1045.070704622211
101 1043.8792235873705
102 1042.6931622565048
103 1041.5124776132739
104 1040.3371271275935
105 1039.1670687485125
106 1038.0022608972174
107 1036.8426624601625
108 1035.6882327823225
109 1034.5389316605651
110 1033.3947193371412
111 1032.2555564932904
112 1031.121404242959
113 1029.992224126628
114 1028.8679781052492
115 1027.7486285542882
116 1026.6341382578685
117 1025.5244704030197
118 1024.419588574024
119 1023.3194567468587
120 1022.2240392837373
121 1021.1333009277403
122 1020.0472067975403
123 1018.9657223822155
124 1017.8888135361512
125 1016.816446474028
126 1015.7485877658933
127 1014.6852043323166
128 1013.6262634396256
129 1012.5717326952212
130 1011.5215800429706
131 1010.4757737586779
132 1009.4342824456271
133 1008.3970750302014
134 1007.3641207575723
135 1006.3353891874601
136 1005.3108501899636
137 1004.2904739414575
138 1003.2742309205565
139 1002.2620919041444
140 1001.2540279634676
141 1000.2500104602909
142 999.2500110431158
143 998.2540016434581
144 997.2619544721854
145 996.2738420159129
146 995.2896370334561
147 994.3093125523391
148 993.3328418653589
149 992.3601985272026
150 991.3913563511177
151 990.4262894056352
152 989.4649720113426
153 988.5073787377075
154 987.5534843999505
155 986.603264055966
156 985.6566930032899
157 984.7137467761154
158 983.7744011423525
159 982.8386321007338
160 981.9064158779631
161 980.9777289259085
162 980.0525479188368
163 979.1308497506903
164 978.2126115324043
165 977.2978105892645
166 976.3864244583048
167 975.4784308857426
168 974.5738078244535
169 973.6725334314827
170 972.7745860655932
171 971.8799442848501
172 970.9885868442411
173 970.100492693331
174 969.215640973951
175 968.3340110179216
176 967.4555823448082
177 966.5803346597103
178 965.7082478510811
179 964.83930198858
180 963.9734773209556
181 963.110754273958
182 962.2511134482829
183 961.394535617543
184 960.54100172627
185 959.6904928879436
186 958.8429903830495
187 957.9984756571638
188 957.1569303190653
189 956.3183361388734
190 955.4826750462132
191 954.6499291284049
192 953.8200806286795
193 952.9931119444188
194 952.1690056254199
195 951.3477443721836
196 950.5293110342265
197 949.7136886084164
198 948.9008602373304
199 948.0908092076355
200 947.2835189484908
201 946.4789730299727
202 945.6771551615202
203 944.878049190402
204 944.0816391002037
205 943.2879090093364
206 942.496843169564
207 941.7084259645515
208 940.9226419084315
209 940.1394756443914
210 939.3589119432775
211 938.5809357022192
212 937.8055319432707
213 937.0326858120704
214 936.2623825765189
215 935.4946076254733
216 934.7293464674594
217 933.9665847294002
218 933.2063081553612
219 932.4485026053123
220 931.6931540539055
221 930.9402485892681
222 930.1897724118122
223 929.4417118330592
224 928.696053274479
225 927.9527832663449
226 927.2118884466025
227 926.4733555597535
228 925.737171455753
229 925.0033230889219
230 924.271797516872
231 923.5425818994454
232 922.815663497667
233 922.0910296727101
234 921.3686678848753
235 920.6485656925819
236 919.9307107513717
237 919.2150908129262
238 918.5016937240946
239 917.7905074259351
240 917.0815199527672
241 916.3747194312363
242 915.6700940793894
243 914.9676322057627
244 914.2673222084796
245 913.5691525743605
246 912.8731118780428
247 912.1791887811123
248 911.4873720312448
249 910.7976504613579
250 910.1100129887732
251 909.4244486143892
252 908.7409464218634
253 908.0594955768042
254 907.380085325973
255 906.7027049964958
256 906.0273439950837
257 905.3539918072632
258 904.6826379966155
259 904.0132722040246
260 903.3458841469345
261 902.6804636186152
262 902.0170004874375
263 901.3554846961554
264 900.6959062611983
265 900.0382552719706
266 899.3825218901595
267 898.7286963490513
268 898.0767689528551
269 897.4267300760347
270 896.7785701626483
271 896.1322797256954
272 895.4878493464719
273 894.8452696739319
274 894.204531424057
275 893.5656253792334
276 892.9285423876354
277 892.2932733626161
278 891.6598092821054
279 891.0281411880143
280 890.3982601856464
281 889.7701574431159
282 889.1438241907717
283 888.5192517206291
284 887.8964313858063
285 887.2753545999691
286 886.65601283678
287 886.0383976293546
288 885.4225005697238
289 884.8083133083015
290 884.1958275533592
291 883.5850350705053
292 882.9759276821708
293 882.3684972671005
294 881.76273575985
295 881.1586351502879
296 880.5561874831034
297 879.9553848573199
298 879.3562194258134
299 878.7586833948357
300 878.162769023544
