1 1200.0
2 1197.933557079344
3 1195.8812747785457
4 1193.8429841518098
5 1191.8185191181396
6 1189.807716398506
7 1187.8104154547036
8 1185.826458429841
9 1183.8556900904136
10 1181.8979577699083
11 1179.9531113138937
12 1178.0210030265484
13 1176.1014876185834
14 1174.1944221565154
15 1172.2996660132499
16 1170.4170808199333
17 1168.5465304190377
18 1166.687880818638
19 1164.8410001478474
20 1163.0057586133767
21 1161.1820284571832
22 1159.369683915177
23 1157.568601176954
24 1155.7786583465245
25 1153.9997354040097
26 1152.2317141682763
27 1150.4744782604832
28 1148.7279130685135
29 1146.9919057122665
30 1145.2663450097857
31 1143.551121444197
32 1141.846127131437
33 1140.1512557887468
34 1138.4664027039114
35 1136.7914647052223
36 1135.126340132145
37 1133.47092880667
38 1131.8251320053296
39 1130.1888524318629
40 1128.5619941905086
41 1126.9444627599116
42 1125.3361649676249
43 1123.7370089651915
44 1122.1469042037897
45 1120.5657614104284
46 1118.9934925646758
47 1117.4300108759094
48 1115.8752307610719
49 1114.3290678229193
50 1112.7914388287513
51 1111.2622616896076
52 1109.74145543992
53 1108.2289402176089
54 1106.7246372446118
55 1105.2284688078323
56 1103.7403582405002
57 1102.2602299039313
58 1100.788009169677
59 1099.323622402054
60 1097.866996941044
61 1096.4180610855542
62 1094.9767440770315
63 1093.542976083418
64 1092.116688183442
65 1090.697812351236
66 1089.286281441273
67 1087.882029173613
68 1086.4849901194532
69 1085.0950996869733
70 1083.7122941074706
71 1082.3365104217755
72 1080.9676864669425
73 1079.6057608632088
74 1078.250673001216
75 1076.9023630294862
76 1075.5607718421486
77 1074.2258410669094
78 1072.8975130532601
79 1071.5757308609172
80 1070.2604382484906
81 1068.9515796623716
82 1067.6491002258401
83 1066.352945728381
84 1065.0630626152083
85 1063.7793979769922
86 1062.5018995397813
87 1061.2305156551204
88 1059.9651952903546
89 1058.7058880191187
90 1057.452544012007
91 1056.2051140274186
92 1054.9635494025752
93 1053.727802044707
94 1052.4978244224035
95 1051.2735695571248
96 1050.0549910148713
97 1048.8420428980064
98 1047.6346798372297
99 1046.4328569836982
100 1045.2365300012918
101 1044.045655059019
102 1042.8601888235605
103 1041.680088451949
104 1040.5053115843793
105 1039.3358163371504
106 1038.1715612957303
107 1037.012505507948
108 1035.858608477305
109 1034.709830156407
110 1033.5661309405086
111 1032.4274716611762
112 1031.2938135800584
113 1030.1651183827678
114 1029.0413481728679
115 1027.9224654659665
116 1026.8084331839102
117 1025.699214649079
118 1024.5947735787804
119 1023.4950740797391
120 1022.4000806426806
121 1021.3097581370079
122 1020.2240718055687
123 1019.1429872595106
124 1018.0664704732245
125 1016.9944877793715
126 1015.9270058639952
127 1014.8639917617141
128 1013.8054128509958
129 1012.7512368495082
130 1011.7014318095496
131 1010.6559661135524
132 1009.6148084696625
133 1008.5779279073911
134 1007.5452937733363
135 1006.5168757269769
136 1005.4926437365323
137 1004.4725680748916
138 1003.4566193156072
139 1002.4447683289538
140 1001.4369862780507
141 1000.4332446150453
142 999.4335150773595
143 998.4377696839944
144 997.445980731894
145 996.4581207923671
146 995.4741627075653
147 994.4940795870161
148 993.5178448042117
149 992.5454319932495
150 991.5768150455267
151 990.6119681064853
152 989.6508655724078
153 988.6934820872632
154 987.7397925396003
155 986.7897720594906
156 985.8433960155161
157 984.900640011805
158 983.9614798851117
159 983.0258917019412
160 982.0938517557173
161 981.165336563994
162 980.2403228657079
163 979.3187876184733
164 978.400707995917
165 977.4860613850528
166 976.5748253836964
167 975.6669777979166
168 974.7624966395268
169 973.8613601236116
170 972.9635466660909
171 972.0690348813197
172 971.1778035797229
173 970.2898317654648
174 969.4050986341526
175 968.5235835705735
176 967.6452661464639
177 966.7701261183122
178 965.8981434251921
179 965.0292981866272
180 964.1635707004874
181 963.3009414409139
182 962.4413910562748
183 961.5849003671493
184 960.7314503643411
185 959.881022206919
186 959.0335972202867
187 958.1891568942776
188 957.3476828812788
189 956.5091569943795
190 955.6735612055461
191 954.8408776438226
192 954.0110885935565
193 953.184176492648
194 952.3601239308254
195 951.5389136479419
196 950.7205285322981
197 949.904951618986
198 949.0921660882565
199 948.2821552639085
200 947.4749026117008
201 946.6703917377848
202 945.8686063871587
203 945.0695304421429
204 944.2731479208753
205 943.4794429758277
206 942.6883998923414
207 941.9000030871825
208 941.1142371071168
209 940.3310866275033
210 939.5505364509067
211 938.7725715057284
212 937.9971768448546
213 937.2243376443238
214 936.4540392020102
215 935.686266936326
216 934.921006384939
217 934.1582432035083
218 933.3979631644357
219 932.6401521556338
220 931.8847961793094
221 931.1318813507635
222 930.381393897206
223 929.6333201565861
224 928.8876465764376
225 928.144359712739
226 927.4034462287877
227 926.6648928940898
228 925.9286865832623
229 925.1948142749507
230 924.4632630507592
231 923.7340200941956
232 923.0070726896279
233 922.2824082212555
234 921.5600141720928
235 920.8398781229646
236 920.1219877515157
237 919.4063308312313
238 918.6928952304708
239 917.9816689115122
240 917.2726399296099
241 916.5657964320627
242 915.8611266572942
243 915.158618933944
244 914.4582616799701
245 913.7600434017626
246 913.0639526932677
247 912.3699782351226
248 911.6781087938014
249 910.9883332207697
250 910.300640451652
251 909.6150195054066
252 908.9314594835118
253 908.2499495691617
254 907.5704790264713
255 906.8930371996913
256 906.2176135124325
257 905.5441974668989
258 904.8727786431301
259 904.203346698253
260 903.5358913657417
261 902.8704024546868
262 902.2068698490729
263 901.5452835070645
264 900.8856334603006
265 900.2279098131971
266 899.5721027422582
267 898.9182024953941
268 898.2661993912488
269 897.6160838185342
270 896.9678462353719
271 896.3214771686435
272 895.6769672133476
273 895.0343070319645
274 894.3934873538283
275 893.7544989745054
276 893.1173327551815
277 892.4819796220539
278 891.8484305657324
279 891.2166766406453
280 890.5867089644538
281 889.9585187174715
282 889.3320971420914
283 888.707435542219
284 888.084525282712
285 887.4633577888258
286 886.8439245456655
287 886.226217097644
288 885.6102270479466
289 884.9959460580001
290 884.3833658469493
291 883.772478191139
292 883.1632749236009
293 882.5557479335464
294 881.9498891658664
295 881.3456906206342
296 880.7431443526157
297 880.1422424707841
298 879.5429771378406
299 878.9453405697387
300 878.349325035216
