1 1200.0
2 1197.9335375910964
3 1195.8812362676629
4 1193.8429270720458
5 1191.8184439117376
6 1189.8076234965336
7 1187.8103052773772
8 1185.8263313868397
9 1183.8555465811817
10 1181.8977981839487
11 1179.9529360310516
12 1178.0208124172855
13 1176.101282044243
14 1174.1942019695787
15 1172.299431557585
16 1170.4168324310358
17 1168.5462684242632
18 1166.6876055374269
19 1164.840711891944
20 1163.00545768704
21 1161.1817151573919
22 1159.3693585318274
23 1157.5682639930521
24 1155.7783096383728
25 1153.9993754413867
26 1152.231343214612
27 1150.4740965730282
28 1148.7275208985036
29 1146.991503305082
30 1145.2659326051055
31 1143.5506992761489
32 1141.845695428743
33 1140.1508147748643
34 1138.4659525971695
35 1136.791005718955
36 1135.1258724748195
37 1133.4704526820126
38 1131.8246476124466
39 1130.1883599653581
40 1128.5614938405986
41 1126.9439547125364
42 1125.3356494045559
43 1123.7364860641362
44 1122.1463741384937
45 1120.5652243507739
46 1118.9929486767785
47 1117.4294603222113
48 1115.874673700432
49 1114.328504410702
50 1112.7908692169124
51 1111.2616860267772
52 1109.7408738714837
53 1108.228352885787
54 1106.7240442885352
55 1105.2278703636175
56 1103.7397544413218
57 1102.2596208800921
58 1100.7873950486774
59 1099.3230033086577
60 1097.8663729973437
61 1096.4174324110347
62 1094.9761107886309
63 1093.5423382955876
64 1092.1160460082046
65 1090.6971658982432
66 1089.2856308178596
67 1087.881374484851
68 1086.4843314682043
69 1085.0944371739404
70 1083.7116278312465
71 1082.3358404788917
72 1080.9670129519163
73 1079.6050838685894
74 1078.249992617629
75 1076.9016793456774
76 1075.5600849450261
77 1074.2251510415856
78 1072.8968199830913
79 1071.5750348275433
80 1070.2597393318733
81 1068.9508779408325
82 1067.6483957760959
83 1066.3522386255797
84 1065.0623529329641
85 1063.7786857874185
86 1062.5011849135244
87 1061.2297986613912
88 1059.9644759969601
89 1058.7051664924925
90 1057.4518203172393
91 1056.2043882282849
92 1054.962821561565
93 1053.7270722230517
94 1052.497092680103
95 1051.2728359529742
96 1050.0542556064868
97 1048.8413057418497
98 1047.6339409886332
99 1046.432116496889
100 1045.2357879294148
101 1044.0449114541595
102 1042.8594437367672
103 1041.679341933255
104 1040.5045636828245
105 1039.3350671008006
106 1038.170810771699
107 1037.0117537424155
108 1035.8578555155382
109 1034.7090760427773
110 1033.5653757185116
111 1032.4267153734493
112 1031.293056268398
113 1030.1643600881469
114 1029.0405889354531
115 1027.9217053251343
116 1026.807672178263
117 1025.6984528164608
118 1024.5940109562923
119 1023.4943107037544
120 1022.3993165488595
121 1021.3089933603115
122 1020.2233063802735
123 1019.1422212192218
124 1018.0657038508896
125 1016.9937206072937
126 1015.9262381738456
127 1014.863223584545
128 1013.8046442172525
129 1012.7504677890413
130 1011.7006623516262
131 1010.6551962868682
132 1009.614038302353
133 1008.5771574270422
134 1007.5445230069953
135 1006.5161047011629
136 1005.491872477247
137 1004.4717966076286
138 1003.4558476653625
139 1002.4439965202353
140 1001.4362143348872
141 1000.4324725609964
142 999.4327429355245
143 998.4369974770209
144 997.4452084819867
145 996.4573485212964
146 995.4733904366753
147 994.4933073372334
148 993.5170725960526
149 992.5446598468283
150 991.5760429805632
151 990.6111961423123
152 989.6500937279785
153 988.6927103811581
154 987.7390209900348
155 986.789000684321
156 985.8426248322472
157 984.8998690375964
158 983.9607091367842
159 983.0251211959832
160 982.093081508291
161 981.1645665909414
162 980.239553182557
163 979.3180182404438
164 978.3999389379261
165 977.4852926617207
166 976.5740570093516
167 975.6662097866018
168 974.7617290050039
169 973.8605928793668
170 972.9627798253399
171 972.0682684570128
172 971.1770375845496
173 970.2890662118587
174 969.404333534296
175 968.5228189364021
176 967.6445019896714
177 966.7693624503545
178 965.8973802572916
179 965.0285355297775
180 964.1628085654569
181 963.30017983825
182 962.4406299963081
183 961.5841398599974
184 960.7306904199125
185 959.8802628349172
186 959.0328384302129
187 958.1883986954355
188 957.3469252827774
189 956.5084000051369
190 955.6728048342927
191 954.840121899105
192 954.01033348374
193 953.1834220259208
194 952.3593701152006
195 951.5381604912617
196 950.7197760422362
197 949.9041998030508
198 949.091414953794
199 948.2814048181054
200 947.4741528615871
201 946.6696426902364
202 945.8678580489006
203 945.0687828197516
204 944.2724010207816
205 943.4786968043189
206 942.6876544555641
207 941.8992583911452
208 941.113493157692
209 940.3303434304303
210 939.5497940117937
211 938.7718298300546
212 937.9964359379728
213 937.2235975114626
214 936.4532998482762
215 935.6855283667056
216 934.920268604301
217 934.1575062166055
218 933.3972269759073
219 932.6394167700072
220 931.8840616010021
221 931.1311475840852
222 930.3806609463603
223 929.6325880256726
224 928.8869152694534
225 928.1436292335807
226 927.4027165812531
227 926.6641640818796
228 925.9279586099817
229 925.1940871441112
230 924.4625367657804
231 923.7332946584063
232 923.0063481062682
233 922.2816844934781
234 921.5592913029643
235 920.8391561154675
236 920.1212666085495
237 919.4056105556141
238 918.6921758249405
239 917.9809503787282
240 917.2719222721541
241 916.5650796524412
242 915.8604107579384
243 915.1579039172119
244 914.4575475481478
245 913.7593301570652
246 913.0632403378407
247 912.3692667710434
248 911.6773982230796
249 910.9876235453496
250 910.2999316734125
251 909.6143116261629
252 908.9307525050166
253 908.249243493106
254 907.5697738544854
255 906.8923329333466
256 906.2169101532414
257 905.5434950163167
258 904.8720771025556
259 904.2026460690296
260 903.5351916491583
261 902.8697036519787
262 902.206171961423
263 901.5445865356039
264 900.8849374061097
265 900.2272146773063
266 899.5714085256487
267 898.9175091989994
268 898.2655070159548
269 897.6153923651801
270 896.9671557047516
271 896.3207875615057
272 895.676278530397
273 895.0336192738625
274 894.3928005211936
275 893.7538130679151
276 893.1166477751713
277 892.4812955691193
278 891.8477474403292
279 891.2159944431903
280 890.5860276953256
281 889.9578383770108
282 889.3314177306023
283 888.7067570599692
284 888.0838477299334
285 887.4626811657154
286 886.8432488523857
287 886.2255423343238
288 885.6095532146813
289 884.9952731548528
290 884.3826938739511
291 883.7718071482892
292 883.162604810868
293 882.5550787508687
294 881.9492209131522
295 881.3450232977626
296 880.7424779594372
297 880.141577007121
298 879.5423126034871
299 878.9446769644621
300 878.3486623587568
